1.01 0.571451969317 
1.05 0.567977418116 
1.1 0.564508839142 
1.2 0.559960720675 
1.6 0.546419597923 
2.0 0.54202895499 
2.5 0.542733962178 
3.0 0.546990280529 
3.5 0.553197419332 
4.0 0.560680500696 
4.5 0.568977389579 
5.0 0.577631389376 
6.0 0.59505678601 
7.0 0.611526654167 
8.0 0.625939671911 
9.0 0.637762270808 
10.0 0.646807189739 
15.0 0.656772607142 
20.0 0.636400764259 
30.0 0.61025863931 
40.0 0.632182956642 
50.0 0.669602044991 
60.0 0.670878921361 
70.0 0.642299476366 
80.0 0.632854420798 
90.0 0.676847082409 
100.0 0.651085563754 
0.990099009901 0.583141950351 
0.952380952381 0.692930519849 
0.909090909091 0.700971295082 
0.833333333333 0.687414604423 
0.625 0.610261442836 
0.5 0.548908354486 
0.4 0.498062954704 
0.333333333333 0.469133772769 
0.285714285714 0.455056373309 
0.25 0.450589551616 
0.222222222222 0.45230833826 
0.2 0.457635211277 
0.166666666667 0.472343713142 
0.142857142857 0.484456158185 
0.125 0.489043436756 
0.111111111111 0.485767473472 
0.1 0.476477354575 
0.0666666666667 0.385471796013 
0.05 0.345361496044 
0.0333333333333 1.1890432745 
0.025 0.919323826076 
0.02 0.431686983985 
0.0166666666667 0.435813983647 
0.0142857142857 0.472848860651 
0.0125 0.503676443259 
0.0111111111111 0.5239984229 
0.01 0.538428732883 
